	velocity:	783.6943568618856	 +/- 	971.3076481155318
	tem_depth:	1.009369456859171	 +/- 	0.2739131916186136
	iod_depth:	0.9984403435229733	 +/- 	0.03636708417825425
	lsf_fwhm:	2.4749271075389654	 +/- 	0.11627224853113885
	wave_intercept:	5537.744075434159	 +/- 	350.233397934273
	wave_slope:	0.023560985664670946	 +/- 	0.0022352121322735574
	cont_intercept:	13796.342422376107	 +/- 	6260.447880979853
	cont_slope:	-1.2509262222641628	 +/- 	8.702305231876652

