	velocity:	791.4028659849251	 +/- 	830.4322041536732
	tem_depth:	1.010415742115046	 +/- 	0.2823945377517981
	iod_depth:	1.000510691368738	 +/- 	0.04400478663345284
	lsf_left_5:	0.482317681994499	 +/- 	0.13282874851789114
	lsf_left_4:	-1.51414891815645	 +/- 	0.34329992481851085
	lsf_left_3:	4.0300019446451545	 +/- 	0.6709991186914815
	lsf_left_2:	-8.158417031273908	 +/- 	1.418422329117581
	lsf_left_1:	9.623966182268155	 +/- 	1.3089822702156804
	lsf_right1:	10.25239777473365	 +/- 	2.0896374189244407
	lsf_right2:	-9.904732063907776	 +/- 	1.325361120917021
	lsf_right3:	4.266974791988692	 +/- 	0.7079875904201038
	lsf_right4:	-1.2457759031315048	 +/- 	0.3281382929381278
	lsf_right5:	0.37978558200782186	 +/- 	0.1320485466301905
	wave_intercept:	5537.74444770703	 +/- 	350.23336981944135
	wave_slope:	0.023562063223886147	 +/- 	0.0022354815022407313
	cont_intercept:	13796.209877197543	 +/- 	6260.603817601572
	cont_slope:	-1.0905426137653764	 +/- 	8.725440432937775

