	velocity:	849.7388007276954	 +/- 	1983.71748259086
	tem_depth:	1.008918520670162	 +/- 	0.26590845177260514
	iod_depth:	0.9928321775764417	 +/- 	0.03643299346505695
	lsf_fwhm:	2.4413747719269043	 +/- 	0.11315707609804576
	wave_intercept:	5537.7637820092905	 +/- 	350.233661540589
	wave_slope:	0.023566510554398998	 +/- 	0.0022345196678762035
	cont_intercept:	17276.589967891232	 +/- 	8013.8023701766515
	cont_slope:	-1.0039204636925423	 +/- 	10.94388178657268

