	velocity:	1181.700448728769	 +/- 	1006.2200994532652
	tem_depth:	1.0047290998907739	 +/- 	0.21362105857361163
	iod_depth:	0.9747368994650996	 +/- 	0.03672113930356211
	lsf_fwhm:	2.190363985324654	 +/- 	0.09434634874137368
	wave_intercept:	5537.759601936134	 +/- 	350.23696071666217
	wave_slope:	0.023567975954360068	 +/- 	0.002234774379628062
	cont_intercept:	36668.15148292232	 +/- 	15700.165382904213
	cont_slope:	-1.7482264510920964	 +/- 	22.090361388690415

	velocity:	1180.8433262720637	 +/- 	1533.7113441211573
	tem_depth:	1.0044495296985216	 +/- 	0.20853651696176817
	iod_depth:	0.9750748979555863	 +/- 	0.036939075704278165
	lsf_fwhm:	2.1898860421019113	 +/- 	0.0941703237145349
	wave_intercept:	5537.759573479329	 +/- 	350.2369597656521
	wave_slope:	0.023566277481519578	 +/- 	0.002234603493385743
	cont_intercept:	36687.82146431901	 +/- 	15702.811981338516
	cont_slope:	-1.6817645775076637	 +/- 	22.065478732189415

	velocity:	1180.8433262720637	 +/- 	1533.7113441211573
	tem_depth:	1.0044495296985216	 +/- 	0.20853651696176817
	iod_depth:	0.9750748979555863	 +/- 	0.036939075704278165
	lsf_fwhm:	2.1898860421019113	 +/- 	0.0941703237145349
	wave_intercept:	5537.759573479329	 +/- 	350.2369597656521
	wave_slope:	0.023566277481519578	 +/- 	0.002234603493385743
	cont_intercept:	36687.82146431901	 +/- 	15702.811981338516
	cont_slope:	-1.6817645775076637	 +/- 	22.065478732189415

	velocity:	1180.8433262720637	 +/- 	1533.7113441211573
	tem_depth:	1.0044495296985216	 +/- 	0.20853651696176817
	iod_depth:	0.9750748979555863	 +/- 	0.036939075704278165
	lsf_fwhm:	2.1898860421019113	 +/- 	0.0941703237145349
	wave_intercept:	5537.759573479329	 +/- 	350.2369597656521
	wave_slope:	0.023566277481519578	 +/- 	0.002234603493385743
	cont_intercept:	36687.82146431901	 +/- 	15702.811981338516
	cont_slope:	-1.6817645775076637	 +/- 	22.065478732189415

