	velocity:	965.4735231215011	 +/- 	1186.892013068478
	tem_depth:	1.0073970837485762	 +/- 	0.3629393153691904
	iod_depth:	0.9923334627218067	 +/- 	0.03837455733952312
	lsf_fwhm:	2.454915147926218	 +/- 	0.10441473521727838
	wave_intercept:	5537.746511577554	 +/- 	350.2329677299839
	wave_slope:	0.023557657765640762	 +/- 	0.0022360346767368077
	cont_intercept:	18703.899132751034	 +/- 	8437.883555953686
	cont_slope:	-1.391615455392941	 +/- 	11.94246487773934

