	velocity:	975.6589312312684	 +/- 	855.3987429842668
	tem_depth:	1.0105162812584587	 +/- 	0.3610141558865976
	iod_depth:	1.0003834678321573	 +/- 	0.04636510400036605
	lsf_left_5:	0.48726359475525055	 +/- 	0.1274012660142197
	lsf_left_4:	-1.502950143338241	 +/- 	0.2886097131935833
	lsf_left_3:	4.234366333120672	 +/- 	0.569271033801009
	lsf_left_2:	-8.20522015899673	 +/- 	1.270026065771436
	lsf_left_1:	9.17495036100772	 +/- 	1.2519363053393233
	lsf_right1:	8.55667642995969	 +/- 	1.9986950543068494
	lsf_right2:	-9.379967773970943	 +/- 	1.152977265178281
	lsf_right3:	4.457706983706366	 +/- 	0.6730766313924429
	lsf_right4:	-1.3709696852886752	 +/- 	0.3205552815821199
	lsf_right5:	0.3638655119858113	 +/- 	0.13086154486755752
	wave_intercept:	5537.746554717203	 +/- 	350.2328391364158
	wave_slope:	0.023563769605964777	 +/- 	0.0022362839750945484
	cont_intercept:	18715.073385829375	 +/- 	8436.722295408978
	cont_slope:	-1.2212899275244995	 +/- 	11.95090116803647

