	velocity:	1019.8750084837786	 +/- 	846.5797799360415
	tem_depth:	1.0078034017397317	 +/- 	0.3284581436852175
	iod_depth:	0.9868334517012675	 +/- 	0.037482609575943446
	lsf_fwhm:	2.4210669375566134	 +/- 	0.09217491217352147
	wave_intercept:	5537.759171445451	 +/- 	350.2354196551323
	wave_slope:	0.023565081415470562	 +/- 	0.0022362168999754055
	cont_intercept:	26107.20058618846	 +/- 	12130.865866274227
	cont_slope:	-1.7220820293854264	 +/- 	16.615799478372423

