	velocity:	1041.6318491848094	 +/- 	901.4891502294437
	tem_depth:	1.0105038117483585	 +/- 	0.32304460876906155
	iod_depth:	1.0002715278173255	 +/- 	0.04498655131694388
	lsf_left_5:	0.46706277564773946	 +/- 	0.1240580883303262
	lsf_left_4:	-1.532760715986121	 +/- 	0.2552880794618249
	lsf_left_3:	4.360548695195832	 +/- 	0.5236003535372677
	lsf_left_2:	-8.01438620281138	 +/- 	1.0790658117457825
	lsf_left_1:	8.59135375577908	 +/- 	1.1240913033672795
	lsf_right1:	7.576906468610801	 +/- 	1.5757405247571086
	lsf_right2:	-9.145656015245335	 +/- 	0.8859040618816276
	lsf_right3:	4.644275450100724	 +/- 	0.5575305702765613
	lsf_right4:	-1.4311096308094866	 +/- 	0.2784393708667477
	lsf_right5:	0.34324916178934106	 +/- 	0.1234516607440037
	wave_intercept:	5537.759745414263	 +/- 	350.2352852285818
	wave_slope:	0.023564472778565097	 +/- 	0.002236631400897221
	cont_intercept:	26117.023822174488	 +/- 	12131.773798118302
	cont_slope:	-1.82103791913542	 +/- 	16.64860589676992

