	velocity:	953.5084329750831	 +/- 	2120.819938352351
	tem_depth:	1.0099752195833964	 +/- 	0.3580405440821799
	iod_depth:	0.9949832744140613	 +/- 	0.04113181750412755
	lsf_fwhm:	2.4598264619366392	 +/- 	0.10461574870903508
	wave_intercept:	5537.7475012487375	 +/- 	350.2328485187458
	wave_slope:	0.023560656204518006	 +/- 	0.0022361621334501835
	cont_intercept:	14129.520299994714	 +/- 	6378.328620126517
	cont_slope:	-0.6971646001504912	 +/- 	9.018343338485458

