	velocity:	789.3646700941018	 +/- 	1980.287403933732
	tem_depth:	1.008672340515154	 +/- 	0.25755835549254785
	iod_depth:	0.9989747957965308	 +/- 	0.039308941297166146
	lsf_fwhm:	2.460731822424685	 +/- 	0.12527091678943483
	wave_intercept:	5537.757246788558	 +/- 	350.2333074009118
	wave_slope:	0.023562365691354947	 +/- 	0.0022350383523969926
	cont_intercept:	12950.186886089265	 +/- 	5938.709800805357
	cont_slope:	-1.0751728379487457	 +/- 	8.188582827740907

