	velocity:	1115.2402837204668	 +/- 	855.4392281563687
	tem_depth:	1.0067151463911352	 +/- 	0.27958887707208624
	iod_depth:	0.9834946962944614	 +/- 	0.0377330442850271
	lsf_fwhm:	2.3346644318289655	 +/- 	0.09911182422747736
	wave_intercept:	5537.756384252103	 +/- 	350.2363338687354
	wave_slope:	0.02356282751345678	 +/- 	0.0022350267188955305
	cont_intercept:	29777.21245657267	 +/- 	12976.27710790507
	cont_slope:	-2.2704534455681946	 +/- 	18.14467906007101

