	velocity:	864.7630724452399	 +/- 	896.6310354397874
	tem_depth:	1.0098121022851219	 +/- 	0.298517468550942
	iod_depth:	0.9956483489068663	 +/- 	0.03910160804698195
	lsf_fwhm:	2.4418029182022134	 +/- 	0.11737468103792312
	wave_intercept:	5537.763857987466	 +/- 	350.2335466111178
	wave_slope:	0.02356687505260862	 +/- 	0.0022358390111638397
	cont_intercept:	14635.242844514989	 +/- 	6790.601033474436
	cont_slope:	-0.7580076421842845	 +/- 	9.317562203837007

