	velocity:	879.6359325370584	 +/- 	838.2211911672363
	tem_depth:	1.0119587234007512	 +/- 	0.3006478054056102
	iod_depth:	0.9996880513937755	 +/- 	0.047099648773231854
	lsf_left_5:	0.5028200060055388	 +/- 	0.12550785908529444
	lsf_left_4:	-1.5683629319342691	 +/- 	0.29461079868605566
	lsf_left_3:	4.260106517066121	 +/- 	0.6131103782452986
	lsf_left_2:	-7.792925406227003	 +/- 	1.2845846103802538
	lsf_left_1:	8.987177543529253	 +/- 	1.2725646843066372
	lsf_right1:	8.367676534578859	 +/- 	1.9900991412463205
	lsf_right2:	-9.47538952413781	 +/- 	1.2178481386506326
	lsf_right3:	4.511407462351644	 +/- 	0.6565102507914374
	lsf_right4:	-1.3539966292831827	 +/- 	0.32510847891119393
	lsf_right5:	0.34370419657303813	 +/- 	0.12689213819017592
	wave_intercept:	5537.764120198211	 +/- 	350.23348838540403
	wave_slope:	0.02356580842697366	 +/- 	0.0022362027720525222
	cont_intercept:	14635.820807191187	 +/- 	6790.098697631845
	cont_slope:	-0.735934060654909	 +/- 	9.334215097398651

