	velocity:	717.0660008517123	 +/- 	1018.6142854388395
	tem_depth:	1.0070774941820408	 +/- 	0.22647482547562825
	iod_depth:	0.9943994399921212	 +/- 	0.035844485636828634
	lsf_fwhm:	2.4488360287155535	 +/- 	0.10931956799862808
	wave_intercept:	5537.747693843912	 +/- 	350.2347525465901
	wave_slope:	0.023574111465717786	 +/- 	0.0022353974489047047
	cont_intercept:	19836.276469432458	 +/- 	9073.467769924908
	cont_slope:	-1.063551774973143	 +/- 	12.386801827602547

