	velocity:	1170.970055571216	 +/- 	1311.775862882869
	tem_depth:	1.0052805761320345	 +/- 	0.22759922929214724
	iod_depth:	0.9783221590693167	 +/- 	0.03736958733558168
	lsf_fwhm:	2.2406060072936285	 +/- 	0.09490782953423192
	wave_intercept:	5537.758210693115	 +/- 	350.23666470720366
	wave_slope:	0.02356443450695112	 +/- 	0.002234442731154371
	cont_intercept:	36167.6024527416	 +/- 	15575.851416872303
	cont_slope:	-2.0145736356149397	 +/- 	21.633264673724057

