	velocity:	1176.1801294647566	 +/- 	833.5848750188833
	tem_depth:	1.01086915704705	 +/- 	0.23099024451900962
	iod_depth:	0.9993760304779753	 +/- 	0.044302636949957085
	lsf_left_5:	0.39863663472237276	 +/- 	0.11658744946976136
	lsf_left_4:	-1.4985612232853276	 +/- 	0.2266176997757486
	lsf_left_3:	4.450210498062372	 +/- 	0.4097320574715776
	lsf_left_2:	-8.532391402843622	 +/- 	0.729691502044518
	lsf_left_1:	7.693143719273419	 +/- 	0.9038179757430561
	lsf_right1:	7.038776849645388	 +/- 	0.9051645399778707
	lsf_right2:	-8.744292457079762	 +/- 	0.6291998373912009
	lsf_right3:	4.63665354030608	 +/- 	0.35888678346943886
	lsf_right4:	-1.4784140503101706	 +/- 	0.22325395148203192
	lsf_right5:	0.35674434394165455	 +/- 	0.11737859058737089
	wave_intercept:	5537.758241742205	 +/- 	350.2364529530291
	wave_slope:	0.023562681143701268	 +/- 	0.00223492713209808
	cont_intercept:	36167.37226481645	 +/- 	15576.67101613079
	cont_slope:	-2.342626119357546	 +/- 	21.638244363880617

