	velocity:	780.1859736797601	 +/- 	1399.5241814973979
	tem_depth:	1.0106746263161088	 +/- 	0.2772716008094708
	iod_depth:	0.9998256113217264	 +/- 	0.041016593458953934
	lsf_fwhm:	2.4661059580921636	 +/- 	0.1292793319128752
	wave_intercept:	5537.744833990902	 +/- 	350.23328511465843
	wave_slope:	0.02356992112542107	 +/- 	0.002235617573515203
	cont_intercept:	11453.37867612528	 +/- 	5214.211212920203
	cont_slope:	-0.8979450343885905	 +/- 	7.2519282694589995

