	velocity:	789.7752256998715	 +/- 	848.8152583463034
	tem_depth:	1.0118412273121118	 +/- 	0.2621815533785548
	iod_depth:	0.9999689185079579	 +/- 	0.04877066814125121
	lsf_left_5:	0.48373771974754615	 +/- 	0.13064693777559636
	lsf_left_4:	-1.4370018957516777	 +/- 	0.35259769337293595
	lsf_left_3:	3.962205309787477	 +/- 	0.6680330933873747
	lsf_left_2:	-8.36272239575645	 +/- 	1.4564155713360547
	lsf_left_1:	9.8872915337403	 +/- 	1.354549107236095
	lsf_right1:	10.79323235086687	 +/- 	2.047064761574935
	lsf_right2:	-9.810540947339078	 +/- 	1.3334593546546685
	lsf_right3:	4.14029101389761	 +/- 	0.7858031101218825
	lsf_right4:	-1.2251900733254395	 +/- 	0.3512738027154979
	lsf_right5:	0.45668234175178424	 +/- 	0.1355699353370272
	wave_intercept:	5537.7453426481425	 +/- 	350.2332129185372
	wave_slope:	0.023576085947378762	 +/- 	0.0022358829711291626
	cont_intercept:	11454.073404292565	 +/- 	5214.234858652726
	cont_slope:	-0.9299829563919205	 +/- 	7.248496257190874

