	velocity:	1029.021553829812	 +/- 	1011.8766175163129
	tem_depth:	1.007864955132745	 +/- 	0.33835170434994505
	iod_depth:	0.9896035220466499	 +/- 	0.03826098774124361
	lsf_fwhm:	2.4334550362497644	 +/- 	0.09496987342348379
	wave_intercept:	5537.7598002354825	 +/- 	350.23537118602616
	wave_slope:	0.023558908017406684	 +/- 	0.002235821134327834
	cont_intercept:	24883.049721709092	 +/- 	11508.472721762382
	cont_slope:	-1.5896858724112883	 +/- 	15.804839353633673

