	velocity:	1182.4541641509845	 +/- 	1029.1478750444844
	tem_depth:	1.0055317106812844	 +/- 	0.2112076286123492
	iod_depth:	0.9782213611397822	 +/- 	0.03721250003335276
	lsf_fwhm:	2.2551951939798363	 +/- 	0.09952042154866425
	wave_intercept:	5537.75864528296	 +/- 	350.236574164579
	wave_slope:	0.023565524204527493	 +/- 	0.0022344377008440054
	cont_intercept:	35019.31557081106	 +/- 	15228.3980431034
	cont_slope:	-1.8159499976519666	 +/- 	21.072434079937665

