	velocity:	1117.7235414325369	 +/- 	2141.961671173528
	tem_depth:	1.0067608621861837	 +/- 	0.2781963558502239
	iod_depth:	0.9855227675017681	 +/- 	0.037406774337890684
	lsf_fwhm:	2.336884722489798	 +/- 	0.10762734278007245
	wave_intercept:	5537.756217878416	 +/- 	350.236189669811
	wave_slope:	0.023561378699150523	 +/- 	0.002235500266129771
	cont_intercept:	21680.98525932803	 +/- 	9559.222475776229
	cont_slope:	-1.2755896762884817	 +/- 	13.325948280329154

