	velocity:	1117.362275963125	 +/- 	835.5938603621975
	tem_depth:	1.0109038691269583	 +/- 	0.2715576528723106
	iod_depth:	1.0000841578654036	 +/- 	0.04292155874085319
	lsf_left_5:	0.37983031665683953	 +/- 	0.11858729172889998
	lsf_left_4:	-1.4287021308019643	 +/- 	0.23471363906034348
	lsf_left_3:	4.349309675004923	 +/- 	0.44085014007726153
	lsf_left_2:	-8.908010244229919	 +/- 	0.8519733220162025
	lsf_left_1:	8.584630048008943	 +/- 	1.23217809182455
	lsf_right1:	8.208933070257647	 +/- 	1.353001596827707
	lsf_right2:	-8.97989186430242	 +/- 	0.7637241407724886
	lsf_right3:	4.400220240485657	 +/- 	0.42099430101825697
	lsf_right4:	-1.4196630976393239	 +/- 	0.24441407736970336
	lsf_right5:	0.39011633577926663	 +/- 	0.11969554553351051
	wave_intercept:	5537.756122325727	 +/- 	350.23598698624977
	wave_slope:	0.023560683670839154	 +/- 	0.0022360460585690847
	cont_intercept:	21677.664602464247	 +/- 	9559.172052496757
	cont_slope:	-1.2381297187664386	 +/- 	13.349295818886619

