	velocity:	1114.229955404931	 +/- 	815.7017250030402
	tem_depth:	1.00743280109144	 +/- 	0.3064188838294285
	iod_depth:	0.98772276209795	 +/- 	0.03876156889192256
	lsf_fwhm:	2.379623779627815	 +/- 	0.1097402098384285
	wave_intercept:	5537.756735486067	 +/- 	350.2361907049414
	wave_slope:	0.023564942750361466	 +/- 	0.0022348066795544155
	cont_intercept:	22113.02110155303	 +/- 	9694.326485103385
	cont_slope:	-1.5865048366134546	 +/- 	13.602210322705039

