	velocity:	716.0270072267047	 +/- 	1014.8745695483773
	tem_depth:	1.0070633319737836	 +/- 	0.20948096718283424
	iod_depth:	0.9915780243361563	 +/- 	0.03834211983659617
	lsf_fwhm:	2.41250192899369	 +/- 	0.11770394745178489
	wave_intercept:	5537.746969830357	 +/- 	350.23453188504675
	wave_slope:	0.02357114054381544	 +/- 	0.002235060456816413
	cont_intercept:	19459.449720692588	 +/- 	9158.663888983565
	cont_slope:	-1.2340364468247222	 +/- 	12.227503266316935

