	velocity:	1020.1903193107315	 +/- 	1450.3480362209016
	tem_depth:	1.0077661513486833	 +/- 	0.35089156022524226
	iod_depth:	0.988998405260283	 +/- 	0.038740909275039634
	lsf_fwhm:	2.4348545509634336	 +/- 	0.09201278853002128
	wave_intercept:	5537.759314051366	 +/- 	350.23548916272455
	wave_slope:	0.023570452622158032	 +/- 	0.0022354787297245433
	cont_intercept:	25739.118212073525	 +/- 	11917.44920139311
	cont_slope:	-1.7752611300872139	 +/- 	16.38649308551083

