	velocity:	959.9249456699358	 +/- 	1652.6501855685415
	tem_depth:	1.0078791354376468	 +/- 	0.3647030987425933
	iod_depth:	0.9953075782102355	 +/- 	0.03816100783932958
	lsf_fwhm:	2.4689320039885425	 +/- 	0.1103165859572704
	wave_intercept:	5537.747611641846	 +/- 	350.2327886749282
	wave_slope:	0.023567385766435415	 +/- 	0.0022363341955120622
	cont_intercept:	16088.03785918136	 +/- 	7208.094113311602
	cont_slope:	-1.1290566378854652	 +/- 	10.28645384218824

