	velocity:	866.6920925077927	 +/- 	1009.7245260667912
	tem_depth:	1.0093124202904704	 +/- 	0.2806062125627091
	iod_depth:	0.9961124849350365	 +/- 	0.041446842965705596
	lsf_fwhm:	2.4512718556164494	 +/- 	0.12140758410953466
	wave_intercept:	5537.764239277487	 +/- 	350.23355359070473
	wave_slope:	0.023553192323863423	 +/- 	0.0022353646032719924
	cont_intercept:	14325.335302902278	 +/- 	6630.005764764598
	cont_slope:	-0.9171254440575414	 +/- 	9.113836141815847

