	velocity:	880.3736695145333	 +/- 	869.7086657370593
	tem_depth:	1.0107843871261557	 +/- 	0.2778980593045043
	iod_depth:	1.0008112800558293	 +/- 	0.0487285241282559
	lsf_left_5:	0.4778752770757032	 +/- 	0.12904965098665125
	lsf_left_4:	-1.584038807667581	 +/- 	0.3185466182046732
	lsf_left_3:	4.238682605890775	 +/- 	0.6100150379885038
	lsf_left_2:	-7.856196768346125	 +/- 	1.3355004711003402
	lsf_left_1:	9.069205788356399	 +/- 	1.316626610125426
	lsf_right1:	8.56970266696063	 +/- 	1.9825174354564628
	lsf_right2:	-9.544280540065639	 +/- 	1.2069136945024703
	lsf_right3:	4.464623152939115	 +/- 	0.7126639544691905
	lsf_right4:	-1.349277402713091	 +/- 	0.3168204366197664
	lsf_right5:	0.3545399558909237	 +/- 	0.12951958459514457
	wave_intercept:	5537.7642196987945	 +/- 	350.23344643959666
	wave_slope:	0.023554395533593907	 +/- 	0.0022355914830985563
	cont_intercept:	14327.32173448318	 +/- 	6629.849295853441
	cont_slope:	-0.9478791768484937	 +/- 	9.117932769429222

